-0.19337054800000003
-0.19418790800000002
-0.20009453600000005
-0.202755764
-0.20660456800000002
-0.20874412800000003
-0.216165276
-0.21543205600000004
-0.21777836
-0.220143896
-0.23114700400000002
-0.22138436000000003
-0.22024005600000002
-0.23575306800000004
-0.22438695600000003
-0.22570194400000002
-0.23845997200000005
-0.228605976
-0.23903212400000004
-0.23503427200000002
-0.23942397600000004
-0.23864508000000004
-0.23928454400000002
-0.24116928000000004
-0.23742625200000003
-0.24310690400000004
-0.23524582400000002
-0.23645022800000004
-0.246669632
-0.23675313200000003
-0.23527467200000005
-0.247172068
-0.23641176400000002
-0.24861927600000003
-0.23706084400000002
-0.24899910800000002
-0.23879412800000005
-0.24747016400000002
-0.24019806400000002
-0.24022210400000002
-0.245393108
-0.244371408
-0.244381024
-0.24182076400000005
-0.245188768
-0.24013075200000003
-0.237385384
-0.23207735200000001
-0.23247641600000002
-0.22963008000000001
-0.22151177200000002
-0.20963120400000002
-0.223300348
-0.21887939200000003
-0.18431227600000002
-0.21207366800000002
-0.17367457600000002
-0.16634718400000004
-0.16526778800000003
-0.17866768400000002
-0.16850357200000002
-0.16627506400000003
-0.173898148
-0.141610024
-0.17852104000000002
-0.1315589
-0.18216310000000002
-0.122144836
-0.11556989600000002
-0.18631240400000001
-0.18455508
-0.109240164
-0.180379332
-0.10933392000000001
-0.11242065600000001
-0.16543126000000002
-0.11797389600000001
-0.145783368
-0.133046976
-0.13553752000000002
-0.12473634800000001
-0.14902155600000003
-0.11540882800000002
-0.15766634000000002
-0.106343344
-0.162971968
-0.09965060800000002
-0.16883772800000002
-0.094253628
-0.169532484
-0.091823184
-0.171037388
-0.09152749200000002
-0.16777756400000002
-0.094395464
-0.16232288800000003
-0.10650441200000002
-0.14746136
-0.11499293600000002
-0.13777804800000001
-0.12346944000000001
-0.12884718800000003
-0.13239789600000001
-0.11858691600000001
-0.142086016
-0.10942046400000001
-0.100802124
-0.157166308
-0.09457816800000002
-0.163190732
-0.089522556
-0.16683519600000002
-0.08785898800000001
-0.165193264
-0.16077230800000003
-0.095772956
-0.102941684
-0.146600728
-0.11160329600000002
-0.13652556400000002
-0.12025288800000002
-0.12990494800000002
-0.11769743600000002
-0.139261316
-0.14849508
-0.10084780000000002
-0.15609172000000002
-0.09412381200000002
-0.08873404400000001
-0.16453456800000002
-0.16691212400000002
-0.08600550400000001
-0.16436388400000002
-0.16057277600000003
-0.094119004
-0.10172766400000002
-0.14603098000000003
-0.10965846
-0.13878772800000003
-0.119500436
-0.12881112800000002
-0.11793062400000001
-0.13789824800000003
-0.10931228400000001
-0.14656466800000004
-0.10049681600000002
-0.15473105600000003
-0.09390024000000001
-0.16157764800000002
-0.088712408
-0.16499613600000002
-0.166611624
-0.08573144800000002
-0.164255704
-0.08777965600000001
-0.16023140800000002
-0.09258044400000001
-0.15448825200000002
-0.09995591600000002
-0.10874494
-0.13790305600000002
-0.117307988
-0.128258208
-0.13514566800000002
-0.10823529200000002
-0.100239588
-0.15304104400000001
-0.092719876
-0.15855341600000003
-0.086656988
-0.16284696
-0.08357265600000001
-0.16436148
-0.16205844800000002
-0.083507748
-0.15762066400000002
-0.08779167600000001
-0.15170201600000002
-0.094607016
-0.143052424
-0.10249934800000002
-0.12547437600000003
-0.12199098000000003
-0.11575500400000001
-0.131669484
-0.10629526400000001
-0.09749422
-0.14903357600000003
-0.155036364
-0.08576750800000002
-0.16070499600000002
-0.08189226000000001
-0.16277724400000002
-0.082231224
-0.16269550800000002
-0.08512083200000001
-0.09008268800000001
-0.154942608
-0.09778029600000002
-0.148413344
-0.10679048800000002
-0.140222916
-0.11621176400000001
-0.125786896
-0.121755388
-0.136097652
-0.1447208
-0.103213336
-0.152697272
-0.09562150400000001
-0.15904864000000002
-0.163060916
-0.08440444000000001
-0.16458986000000003
-0.16332776000000002
-0.158716888
-0.086118492
-0.15206982800000002
-0.09170298400000002
-0.14440828000000003
-0.099290008
-0.134525436
-0.10801893200000001
-0.11788975600000001
-0.114375108
-0.12742161600000002
-0.09755912800000001
-0.088685964
-0.152021748
-0.082800972
-0.08010368400000001
-0.16172429200000002
-0.08072632
-0.16309457200000002
-0.08200765200000001
-0.15761585600000003
-0.083844308
-0.15147363600000002
-0.08951294000000001
-0.09721776
-0.134982196
-0.10730975200000002
-0.12752979600000003
-0.117882544
-0.129181344
-0.11027388400000002
-0.14132875600000003
-0.10264118400000002
-0.150608196
-0.09737882800000001
-0.160481424
-0.09645809600000001
-0.16884253600000002
-0.09325356400000001
-0.170337824
-0.09203714
-0.17137154400000001
-0.09346511600000001
-0.168998796
-0.09609028400000001
-0.16190699600000003
-0.100597784
-0.10649960400000003
-0.145112652
-0.11420442400000001
-0.134244168
-0.12218330000000001
-0.12201502000000002
-0.129171728
-0.11063929200000001
-0.137549668
-0.10063865200000001
-0.14575211600000001
-0.09260688800000001
-0.15396418
-0.08674593600000001
-0.159719356
-0.08312310800000001
-0.163044088
-0.08199803600000001
-0.163426324
-0.08362794800000001
-0.16242866400000003
-0.09017163600000001
-0.15855341600000003
-0.09731392000000001
-0.153997836
-0.105509156
-0.14554777600000002
-0.11381016800000002
-0.13699434400000002
-0.12400793600000001
-0.12697687600000002
-0.133354688
-0.116944984
-0.142054764
-0.108857928
-0.151762116
-0.100597784
-0.15854860800000004
-0.093621376
-0.163630664
-0.09009470800000001
-0.168530016
-0.087786868
-0.168443472
-0.088003228
-0.164907188
-0.090801484
-0.160885296
-0.09553976800000001
-0.15290401600000003
-0.10241520800000001
-0.14334090400000002
-0.131957964
-0.11526699200000001
-0.120781768
-0.12456806800000002
-0.133296992
-0.09948954000000002
-0.142271124
-0.09264294800000002
-0.15192078
-0.085611248
-0.15627923200000002
-0.0814956
-0.160164096
-0.07991136400000001
-0.16274358800000002
-0.16161611200000003
-0.08588530400000001
-0.157868276
-0.09276555200000001
-0.15331750400000002
-0.10161708000000001
-0.14689401600000002
-0.138016044
-0.12358483200000002
-0.132078164
-0.137321288
-0.12565708
-0.145944436
-0.11643533600000003
-0.15509886800000003
-0.10795642800000001
-0.100645864
-0.09474404400000001
-0.16983779200000002
-0.09219820800000002
-0.17096767200000001
-0.091371232
-0.16954690800000002
-0.09384254400000001
-0.16462832400000002
-0.098412548
-0.15851014400000002
-0.10427109600000001
-0.149831704
-0.11255287600000002
-0.139718076
-0.12020240400000001
-0.128198108
-0.128065888
-0.1174955
-0.13705444400000003
-0.10695636400000003
-0.145391516
-0.09703265200000001
-0.15189433600000002
-0.08971968400000001
-0.157974052
-0.084305876
-0.162253172
-0.08273606400000001
-0.16574618400000002
-0.08436838
-0.165678872
-0.089253308
-0.162933504
-0.094864244
-0.15579362400000002
-0.10167958400000002
-0.147997452
-0.10948777600000002
-0.13986472
-0.119026848
-0.129878504
-0.12890488400000003
-0.11982016800000002
-0.13787420800000003
-0.11024744000000002
-0.14721134400000002
-0.10131417600000002
-0.154454596
-0.09407092400000001
-0.160457384
-0.08907300800000001
-0.165837536
-0.086426204
-0.167513124
-0.08619301600000001
-0.16612601600000002
-0.08838546400000001
-0.16202479200000003
-0.093087688
-0.156562904
-0.10009054
-0.14996392400000003
-0.10854781200000001
-0.14015560400000002
-0.11812775200000002
-0.130154964
-0.12707784400000002
-0.12052694400000001
-0.135919756
-0.110567172
-0.14566076400000003
-0.10199450800000001
-0.152928056
-0.09431372800000001
-0.160450172
-0.088810972
-0.16475092800000002
-0.08580356800000001
-0.16669576400000002
-0.08476984800000001
-0.166087552
-0.08742626800000002
-0.16183487600000002
-0.09100582400000001
-0.156954756
-0.097643268
-0.147600792
-0.13620342800000002
-0.12492866800000002
-0.11899559600000002
-0.128116372
-0.10330949600000001
-0.137186664
-0.093977168
-0.14545402000000002
-0.08776763600000001
-0.082298536
-0.15785866
-0.07953874400000001
-0.07987530400000001
-0.161726696
-0.08228170800000001
-0.15987561600000003
-0.08828690000000002
-0.15419015600000002
-0.09581142000000001
-0.147884464
-0.104648524
-0.140744584
-0.11638485200000002
-0.133099864
-0.12927750400000002
-0.126443188
-0.13919640800000002
-0.11705556800000001
-0.15544744800000002
-0.100251608
-0.162733972
-0.09364541600000001
-0.16747466000000003
-0.08939514400000001
-0.168289616
-0.08812342800000002
-0.168830516
-0.08932783200000001
-0.166265448
-0.093585316
-0.15933471600000002
-0.09877314800000002
-0.151598644
-0.106331324
-0.1423168
-0.114860716
-0.13411916000000002
-0.12542148800000003
-0.134638424
-0.113870268
-0.143497164
-0.104840844
-0.15211310000000003
-0.097414888
-0.15973858800000001
-0.09064041600000002
-0.163654704
-0.08702239600000002
-0.16678471200000003
-0.08512323600000002
-0.16634718400000004
-0.08675795600000001
-0.163957608
-0.09062118400000001
-0.158139928
-0.133407576
-0.12259678800000001
-0.123870908
-0.13362874400000002
-0.11429096799999999
-0.141879272
-0.09665522400000001
-0.157849044
-0.090315876
-0.16258492400000002
-0.08593578800000001
-0.084510216
-0.16620534800000003
-0.08546460400000001
-0.16343353600000002
-0.08923407600000001
-0.15852216400000002
-0.095304176
-0.151815004
-0.103958576
-0.111718688
-0.13447254800000003
-0.12197655600000001
-0.13173198800000002
-0.11462752800000002
-0.14149703600000002
-0.105249524
-0.14905040400000003
-0.15707014800000002
-0.09084956400000001
-0.16260175200000002
-0.16531346400000002
-0.083837096
-0.16579907200000002
-0.08491889600000001
-0.16326525600000003
-0.08827728400000001
-0.159099124
-0.09402284400000001
-0.151358244
-0.10152572800000001
-0.143196664
-0.110610444
-0.134092716
-0.12053415600000002
-0.124772408
-0.11504101600000001
-0.139694036
-0.10645152400000002
-0.149718716
-0.091017844
-0.16194305600000003
-0.08651755600000001
-0.165351928
-0.08447415600000001
-0.167388116
-0.08501746
-0.164039344
-0.08836142400000001
-0.15977464800000002
-0.09398197600000001
-0.15232705600000002
-0.10089347600000002
-0.143754392
-0.10898534000000001
-0.134164836
-0.11721663600000001
-0.12371945600000002
-0.12495270800000002
-0.11162012400000001
-0.13486920800000002
-0.101018484
-0.14183600000000002
-0.09265016000000001
-0.150738012
-0.08596463600000001
-0.15664944800000002
-0.081750424
-0.079786356
-0.16192382400000002
-0.08069506800000001
-0.16161851600000002
-0.08443328800000001
-0.090556276
-0.15137266800000002
-0.09871304800000001
-0.14376881600000002
-0.10757419200000001
-0.13569618400000003
-0.119055696
-0.13113339200000002
-0.120846676
-0.14259085600000002
-0.11204563200000002
-0.150786092
-0.09552774800000001
-0.163366224
-0.090044224
-0.16705396000000003
-0.087080092
-0.08700797200000002
-0.16714050400000002
-0.16090452800000002
-0.09375119200000001
-0.15521906800000002
-0.109134388
-0.137847764
-0.119517264
-0.127128328
-0.12716438800000002
-0.118622976
-0.138600216
-0.09991745200000002
-0.15368050800000002
-0.15987080800000003
-0.08756329600000001
-0.16507306400000002
-0.16574618400000002
-0.08423856400000002
-0.16413069600000002
-0.16019054000000002
-0.09188088000000001
-0.153634832
-0.09831158000000002
-0.146218492
-0.106999636
-0.137746796
-0.11699306400000001
-0.125892672
-0.117738304
-0.135438956
-0.10790113600000001
-0.09859284800000001
-0.08939995200000002
-0.15584651200000002
-0.08277933600000001
-0.079180548
-0.161457448
-0.079231032
-0.16092376
-0.08165907200000001
-0.157026876
-0.15006729600000002
-0.09393389600000002
-0.143737564
-0.103165256
-0.11245190800000002
-0.12571237200000002
-0.12346222800000001
-0.133924436
-0.10709579600000001
-0.14269182400000002
-0.10050162400000003
-0.15293046000000002
-0.09456374400000002
-0.161154544
-0.09190972800000001
-0.08832536400000002
-0.168224708
-0.08700797200000002
-0.16640488
-0.088510472
-0.09320308000000001
-0.15709899600000002
-0.09974196
-0.14975237200000002
-0.140458508
-0.116711796
-0.13103482800000002
-0.12659704400000002
-0.122043868
-0.136886164
-0.11142540000000001
-0.144790516
-0.153221344
-0.09502050400000002
-0.159695316
-0.085700196
-0.166277468
-0.085164104
-0.16602745200000002
-0.087315684
-0.091402484
-0.156096528
-0.09790530400000001
-0.14909848400000003
-0.10596832000000002
-0.14043206400000002
-0.131424276
-0.124714712
-0.12105822800000002
-0.13465765600000001
-0.142446616
-0.10121320800000001
-0.150175476
-0.09392668400000001
-0.15718794400000002
-0.16165938400000002
-0.16256088400000002
-0.079594036
-0.08093306400000001
-0.15686821200000003
-0.084382804
-0.151891932
-0.09186645600000001
-0.146009344
-0.136677016
-0.109651248
-0.126784556
-0.11939466000000001
-0.130215064
-0.108836292
-0.13992962800000003
-0.14946389200000001
-0.093205484
-0.15661819600000002
-0.08863067200000001
-0.16279647600000002
-0.08660650400000001
-0.167460236
-0.08806332800000001
-0.16830404000000002
-0.08928456000000001
-0.16464274800000003
-0.092739108
-0.09854236400000001
-0.151899144
-0.142862508
-0.11461070000000001
-0.13356864400000001
-0.12365454800000002
-0.133811448
-0.113473608
-0.14264134000000003
-0.10400184800000001
-0.15062983200000002
-0.095962872
-0.157500464
-0.09012355600000001
-0.08564009600000001
-0.164267724
-0.083752956
-0.08501746
-0.16153678000000002
-0.088916748
-0.15765672400000003
-0.149670636
-0.10280465600000001
-0.141888888
-0.11145184400000001
-0.132133456
-0.12114477200000003
-0.12292373200000001
-0.131717564
-0.11249037200000002
-0.13964355200000003
-0.10304746000000002
-0.14847584800000002
-0.09348194400000001
-0.15324778800000002
-0.158642364
-0.08131289600000001
-0.161245896
-0.07917574000000001
-0.16145264
-0.08038735600000001
-0.158630344
-0.08478186800000001
-0.15382234400000003
-0.09035434
-0.147646468
-0.099234716
-0.13947046400000002
-0.10805980000000001
-0.118772024
-0.12109188400000001
-0.128666888
-0.11240142400000001
-0.13948248400000002
-0.104218208
-0.14897828400000002
-0.097989444
-0.15857745600000003
-0.09422237600000001
-0.164222048
-0.089306196
-0.167395328
-0.168109316
-0.087233948
-0.16482785600000002
-0.090635608
-0.159995816
-0.09583786400000001
-0.15262515200000001
-0.102732536
-0.143559668
-0.11080997600000002
-0.124822892
-0.12991216
-0.14031426800000002
-0.10552358
-0.14781955600000002
-0.15510848400000002
-0.09113564000000002
-0.16187093600000002
0.000305308
-0.08412076800000001
-0.16279166800000003
-0.087923896
-0.15851014400000002
-0.09386177600000001
-0.101006464
-0.143749584
-0.10997819200000002
-0.134633616
-0.125582556
-0.12951790400000002
-0.11611800800000001
-0.138448764
-0.10603803600000002
-0.09722978
-0.153185284
-0.089226864
-0.083428416
-0.16185891600000002
-0.08271923600000002
-0.08489966400000001
-0.163332568
-0.088890304
-0.15942366400000002
-0.09424882000000001
-0.15381753600000003
-0.102311836
-0.14534824400000002
-0.11029311600000001
-0.126652336
-0.12977994
-0.11716374800000001
-0.13943680800000002
-0.10936276800000001
-0.149254744
-0.101934408
-0.158793816
-0.09766490400000001
-0.09329202800000001
-0.168847344
-0.090568296
-0.08985671200000002
-0.167359268
-0.092051564
-0.16287100000000002
-0.09653021600000002
-0.155832088
-0.10291764400000002
-0.111314816
-0.13797758
-0.11966871600000001
-0.12728699200000002
-0.12739276800000002
-0.13734052000000002
-0.10739629600000002
-0.14561028
-0.09875151200000001
-0.152740544
-0.09111400400000001
-0.158865936
-0.084522236
-0.16155120400000003
-0.08097152800000001
-0.16167140400000002
-0.080195036
-0.160317952
-0.08251489600000002
-0.155872956
-0.08713778800000001
-0.14948312400000002
-0.09438104
-0.141598004
-0.10263156800000002
-0.131231956
-0.11142540000000001
-0.121236124
-0.120820232
-0.111290776
-0.12969339600000002
-0.10133821600000002
-0.13912188400000003
-0.091606824
-0.145314588
-0.07779584400000002
-0.15466374400000002
-0.07486056
-0.157007644
-0.15486808400000002
-0.0769881
-0.151810196
-0.08167830400000001
-0.14375198800000002
-0.087570508
-0.136326032
-0.09632347200000001
-0.12760912800000002
-0.105509156
-0.116923348
-0.11426452400000002
-0.10602361200000002
-0.12228186400000002
-0.094203144
-0.12973426400000002
-0.08511121600000002
-0.13767948400000002
-0.07732946800000001
-0.144211152
-0.07117282400000001
-0.147776284
-0.06785049600000001
-0.15040385600000003
-0.067766356
-0.147872444
-0.06999246
-0.14584106400000002
-0.075752444
-0.14010512000000003
-0.08372170400000001
-0.135078356
-0.09325596800000001
-0.12703938
-0.10393453600000002
-0.118185448
-0.11504101600000001
-0.10993732400000002
-0.10189113600000001
-0.09790530400000001
-0.14962255600000002
-0.156406644
-0.08564490400000001
-0.16065210800000002
-0.082178336
-0.16362345200000003
-0.08147156
-0.162142588
-0.08352938400000001
-0.15940202800000003
-0.15352184400000002
-0.146360328
-0.137342924
-0.11312022000000001
-0.12887122800000003
-0.12335404800000001
-0.119685544
-0.134169644
-0.14348274000000003
-0.103230164
-0.15258428400000001
-0.095924408
-0.158834684
-0.090623588
-0.16448408400000003
-0.08811140800000002
-0.16688808400000002
-0.08741184400000002
-0.16758284
-0.08974612800000001
-0.16441196400000002
-0.093917068
-0.15939481600000002
-0.10078048800000002
-0.15244725600000003
-0.109290648
-0.144449148
-0.11767820400000002
-0.134982196
-0.126575408
-0.12502242400000002
-0.115730964
-0.145439596
-0.10695155600000002
-0.153553096
-0.09750383600000001
-0.15833465200000002
-0.09112121600000002
-0.16391914400000002
-0.08639014400000002
-0.084926108
-0.16502017600000002
-0.086861328
-0.16280368800000003
-0.09157316800000001
-0.15860390000000002
-0.09753989600000001
-0.151341416
-0.10586735200000001
-0.14359092
-0.11538478800000002
-0.13467688800000002
-0.12557774800000002
-0.125923924
-0.13597504800000002
-0.11798351200000001
-0.14580500400000002
-0.109651248
-0.155192624
